17
210 10
1431 1432 1433 1434 1435 1436 1437 1438 1439 1440
312 10
2119 2120 2121 2122 2123 2124 2125 2126 2127 2128
454 10
3063 3064 3065 3066 3067 3068 3069 3070 3071 3072
204 9
1391 1392 1393 1394 1395 1396 1397 1398 1399
369 9
2487 2493 2494 2495 2496 2497 2498 2499 2500
431 9
2902 2908 2909 2910 2911 2912 2682 2913 2914
618 9
4146 4147 4148 4149 4150 4151 4152 4153 4154
672 9
4505 4506 4507 4508 4509 4510 4511 4512 4513
719 8
4813 4819 4820 4821 4822 4823 4824 4825
622 7
4173 4174 4175 4176 4177 4178 4179
694 7
4652 4653 4654 4655 4656 4657 4658
828 6
5523 5524 5525 5526 5527 5528
209 6
1418 1426 1427 1428 1429 1430
422 6
2847 2848 2849 2850 2851 2852
774 6
5169 5170 5171 5172 5173 5174
595 5
3986 3996 3997 3998 3999
901 5
6000 6009 6010 6011 6012
