1628
4 5357 9918 9824 9780 
4 5121 8148 9738 9581 
4 6404 421 9517 9494 
4 2589 5913 9467 9441 
4 5583 6255 9420 9093 
4 9906 8785 9061 8971 
4 3629 6584 8916 8795 
4 7710 1737 8691 8680 
4 3987 7529 8619 8575 
4 5231 2094 8538 8492 
4 4386 5796 8490 8457 
4 9487 6735 8404 8362 
4 8197 1756 8350 8225 
4 2584 8754 8218 8169 
4 998 2395 8069 8005 
4 6655 2861 7908 7810 
4 6312 59 7774 7708 
4 7923 7569 7641 7552 
4 7704 5515 7469 7446 
4 9612 6632 7291 7189 
4 7444 8873 7169 7144 
4 7262 8452 7039 6987 
4 2489 7796 6906 6874 
4 5905 398 6795 6775 
4 8407 820 6712 6552 
4 1729 604 6399 6276 
4 6459 9004 6271 5762 
4 1248 7549 7064 5630 
4 4848 5886 8603 5385 
4 8733 8189 8437 5291 
4 9354 9529 6839 5270 
4 9213 1524 4449 5139 
4 4318 4574 5744 5112 
4 9483 4100 6823 5004 
4 3904 4233 3626 5000 
4 7108 8479 5416 4934 
4 9620 1287 2545 4748 
4 6476 9383 4004 4722 
4 3697 1396 9131 4603 
4 5427 4041 370 4543 
4 973 2061 847 4459 
4 3015 2155 4644 4347 
4 4863 9247 7792 4265 
4 6668 3135 4631 4264 
4 2222 1492 9618 3962 
4 2752 5363 7168 3959 
4 2687 2843 5570 3850 
4 44 453 2117 3800 
4 8284 1561 7100 3720 
4 461 3505 8775 3551 
4 9765 1423 3295 3460 
4 4036 2932 8287 3378 
4 1385 6640 8004 3288 
4 8854 3273 5616 3285 
4 8591 3715 2345 3277 
4 2096 5918 6639 3206 
4 9813 674 3420 3130 
4 1556 5090 7936 2989 
4 666 2331 2935 2975 
4 4695 5251 2598 2971 
4 3825 6762 1677 2684 
4 9959 1081 1114 2609 
4 4147 6756 5001 2593 
4 5592 8384 8689 2404 
4 8119 1388 6196 2273 
4 7525 9818 864 2258 
4 5989 683 948 2247 
4 4106 6613 3942 2217 
4 5526 9888 8911 2063 
4 8320 4194 4473 2048 
4 5083 5211 9128 2014 
4 3149 5052 7369 1842 
4 8585 936 2459 1790 
4 2819 7515 8777 1736 
4 132 2968 4670 1577 
4 7819 2246 3484 1566 
4 7577 962 876 1432 
4 7863 8240 8814 1387 
4 2723 7939 7368 1367 
4 752 8837 9256 1363 
4 3457 8991 110 1300 
4 8392 3176 7208 1262 
4 7290 7950 371 1244 
4 2196 2728 7101 817 
4 684 8636 281 783 
4 2212 4808 8641 770 
4 9267 5791 63 722 
4 2499 6240 5602 701 
4 9614 714 2475 494 
4 3656 4090 7259 420 
4 1101 2064 9019 350 
4 4916 5651 9894 92 
4 1013 3678 7834 9953 
4 839 1491 2548 9850 
4 3024 3765 5048 9725 
4 7945 6170 7198 9567 
4 4405 4961 1004 9481 
4 1071 1115 5945 9460 
4 9965 4685 7937 9454 
4 1233 2124 3302 9428 
4 4579 3272 3795 9417 
4 8152 9986 5042 9300 
4 384 2141 3647 9067 
4 6677 7104 9295 8993 
4 1734 2008 2070 8989 
4 7927 4702 5101 8910 
4 6782 7135 854 8800 
4 5773 6495 1707 8787 
4 2115 4430 8058 8403 
4 336 1164 1214 8249 
4 2080 4957 5046 8207 
4 7201 7540 443 8120 
4 2558 2922 4788 8102 
4 4917 5214 7409 8092 
4 8639 1341 7896 8074 
4 8063 3499 5653 8046 
4 7825 49 976 7790 
4 6702 7202 7961 7680 
4 1146 1830 4886 7312 
4 4964 6381 9307 7226 
4 3463 4509 6176 7114 
4 7313 9568 818 7082 
4 82 4983 3792 7054 
4 5295 6107 8612 3047 
4 5772 7595 7757 3607 
4 3940 4135 4874 5982 
4 2727 3096 2228 2274 
4 5713 8338 9305 2964 
4 3896 6252 636 1353 
4 3228 3566 1210 3309 
4 4322 7136 8485 8608 
4 887 5310 7305 1851 
4 3293 4240 6168 7543 
4 71 4406 4925 6550 
4 7516 8322 9433 1988 
4 1203 6935 8745 9129 
4 7551 9866 1671 4940 
4 1955 5625 7145 9795 
4 7 1812 4185 9527 
4 8116 3437 4141 5383 
4 47 4131 5219 7579 
4 594 1322 1450 2456 
4 3114 7326 8465 8851 
4 9552 4167 2259 4235 
4 4637 7359 9 3042 
4 3142 766 1094 1713 
4 7231 1742 4655 5006 
4 5652 1934 3686 7583 
4 9539 9690 532 2686 
4 5873 2962 4074 4561 
4 5494 7715 9525 3844 
4 4657 8803 9263 727 
4 2481 3072 8553 723 
4 1050 1895 4847 7083 
4 4112 4475 6129 6957 
4 2759 3357 4102 7447 
4 8250 8387 9235 9532 
4 9917 62 2982 4374 
4 7088 2293 2736 7196 
4 8736 1946 3519 8332 
4 954 3196 213 7032 
4 7308 7648 8375 859 
4 4320 8010 9196 9946 
4 1591 2045 5163 6547 
4 9063 1418 1724 2726 
4 4076 5777 6882 2060 
4 2342 3337 4619 5904 
4 6611 7725 8193 8767 
4 850 1568 2652 3689 
4 6178 9106 992 2340 
4 4402 5172 9119 2544 
4 3155 8644 1433 4490 
4 4638 4912 4995 9966 
4 1621 2642 3170 3672 
4 6558 9747 586 2085 
4 2749 3648 3775 120 
4 201 3757 5729 8626 
4 9344 9576 3542 3781 
4 5686 6038 6534 6913 
4 7451 7494 7851 8601 
4 2828 3257 4139 7643 
4 6571 8478 774 4550 
4 5931 6567 7148 8138 
4 8397 2628 3889 5156 
4 7464 7545 7814 403 
4 1763 2323 3593 8186 
4 9542 328 676 2862 
4 2870 4150 4244 6134 
4 9302 2795 3112 3376 
4 3475 4058 6537 7862 
4 18 2300 2308 8997 
4 9151 9275 9713 58 
4 4959 6467 6927 7079 
4 8187 8865 9559 1383 
4 2036 2213 2814 4390 
4 5081 4044 5366 7316 
4 8233 8242 8267 9900 
4 3451 3708 3840 3869 
4 8115 4480 8259 1711 
4 5609 6147 6171 7166 
4 7445 7703 8506 9528 
4 446 778 2123 3842 
4 5845 7673 8616 8849 
4 1160 2305 8079 9243 
4 9320 9873 11 1049 
4 1839 1936 2160 2267 
4 3526 3583 5540 8094 
4 245 654 1136 2243 
4 2313 3126 4837 5096 
4 8101 8430 333 1552 
4 2023 6050 6123 6359 
4 8167 9605 1509 3913 
4 5359 7267 7944 9514 
4 2985 3950 4284 5136 
4 5324 7726 8509 9921 
4 687 2944 4551 5854 
4 7385 7953 8036 8286 
4 9374 373 2282 2920 
4 4902 6300 6580 6777 
4 7008 706 1767 2535 
4 3106 3745 4498 5209 
4 6842 7522 8367 9784 
4 1231 1845 3618 3632 
4 3899 6481 7466 9289 
4 65 1427 2674 2817 
4 3253 7922 9340 2203 
4 5665 6060 8348 9856 
4 177 2718 4690 5600 
4 6985 6989 7026 8701 
4 9283 9722 463 7700 
4 9732 9942 593 2994 
4 3002 5622 7756 8026 
4 1359 3083 4151 4965 
4 5919 7920 8346 8563 
4 9111 780 1096 1996 
4 2572 2941 4516 6582 
4 6638 7050 8047 8697 
4 8721 9691 1357 1817 
4 3229 6313 7212 8834 
4 9649 2619 6329 8253 
4 9252 745 1085 2364 
4 9778 522 1336 1372 
4 2571 3485 4137 4951 
4 5962 7209 9366 103 
4 717 2009 2802 3356 
4 4582 6316 6363 8839 
4 9443 9779 251 565 
4 709 1861 2112 4351 
4 4352 6477 6602 8477 
4 9751 67 2647 3368 
4 6426 2351 5891 5909 
4 8811 2905 3443 6994 
4 7119 8199 9123 9154 
4 9365 6 257 645 
4 1340 3089 4259 5793 
4 7629 9124 171 214 
4 1976 2536 5492 7671 
4 7981 8614 8751 332 
4 1202 1510 1787 2095 
4 3379 4884 6415 7330 
4 9325 9585 1344 1701 
4 2162 3496 4134 4293 
4 4357 4477 7489 7911 
4 8947 9546 9629 9806 
4 60 3062 3214 3308 
4 5239 5593 188 1001 
4 1820 2957 4557 4867 
4 5544 6666 8163 8200 
4 8501 8923 9363 9968 
4 750 877 1717 5149 
4 5330 6914 8529 8835 
4 9511 9930 9974 1740 
4 1975 4222 5236 5244 
4 5518 5733 6956 7934 
4 8003 8779 1505 4711 
4 5332 5991 6297 6342 
4 7057 7391 321 1351 
4 1564 1800 2776 4727 
4 4977 7613 8651 8658 
4 9545 296 924 1364 
4 1883 2575 3730 7677 
4 9166 3750 4331 4696 
4 6188 7415 7439 8040 
4 8431 1249 1965 2245 
4 3120 4572 5529 5758 
4 5970 7153 7344 9962 
4 791 1522 1747 7210 
4 7647 8915 8990 9419 
4 9426 2509 3579 4161 
4 4415 4717 5028 5131 
4 5808 7699 8168 8449 
4 9550 1743 3473 5488 
4 5683 5835 6738 7972 
4 8056 8579 96 767 
4 1061 1714 2043 2265 
4 2573 3655 5074 5728 
4 6042 6616 7824 8418 
4 9271 9341 9397 55 
4 301 902 1673 3087 
4 6273 6419 6627 7250 
4 8866 9569 264 631 
4 1200 1523 2952 3830 
4 3845 5720 6144 8470 
4 8548 8607 197 385 
4 773 797 1178 1636 
4 1889 3223 3834 4870 
4 6742 7524 8625 9566 
4 9626 9853 1508 2089 
4 2809 3167 3306 5155 
4 5553 6226 6309 6410 
4 8487 8702 9572 9797 
4 407 2055 3137 3978 
4 4367 4960 6336 6377 
4 8132 8659 9048 1476 
4 1810 3905 4600 5375 
4 5864 6192 7155 7436 
4 7567 7748 8183 9250 
4 730 1948 2612 3557 
4 3673 4649 5610 278 
4 1228 1998 2486 3271 
4 3791 3870 4079 4524 
4 6384 8671 9718 875 
4 4043 4200 4861 6058 
4 6769 9689 9952 283 
4 2353 3001 5308 6028 
4 6198 6747 8707 8940 
4 9265 9746 9843 3 
4 1429 1912 3857 3944 
4 5476 7253 9871 85 
4 1483 2912 5170 6010 
4 6662 7302 8172 9078 
4 432 1140 2000 3367 
4 3997 7412 7443 8204 
4 8297 8677 9507 263 
4 836 884 915 1040 
4 1587 1853 3278 4179 
4 4527 4532 4706 6578 
4 7118 7880 8453 9755 
4 1720 2927 3028 4469 
4 4607 5203 5207 6012 
4 6146 6483 6981 7095 
4 7103 8442 8683 513 
4 995 3022 3728 3885 
4 5803 5849 6110 6320 
4 7696 7978 8670 9695 
4 464 634 1224 1378 
4 1821 2585 3508 6757 
4 7319 7617 7618 8964 
4 1037 1253 2877 3518 
4 4474 4565 4617 4883 
4 6370 7296 7603 8722 
4 8929 1073 1681 1708 
4 3037 3561 3736 3877 
4 4307 5174 5197 6444 
4 6498 7861 8750 8932 
4 9908 1117 1526 1542 
4 1684 1923 2939 3248 
4 3362 3375 4786 4871 
4 5785 7759 8692 8895 
4 9359 9464 137 559 
4 1116 1152 1154 1484 
4 2627 2937 4038 4439 
4 5902 7536 8524 9599 
4 520 1571 2488 3892 
4 4361 7870 8328 3511 
4 4292 4521 5278 5462 
4 6296 6367 8874 8956 
4 9880 2592 2798 3853 
4 4975 5823 7678 7823 
4 8466 8637 9197 916 
4 1261 1833 3055 3107 
4 3544 5341 5547 5839 
4 6231 6656 7041 7178 
4 9769 9849 17 56 
4 172 174 970 1361 
4 1712 2566 2600 4668 
4 4946 5705 5941 6220 
4 6577 6605 6965 7463 
4 8527 9425 9907 9961 
4 1726 2185 5378 5441 
4 5998 6938 7255 9984 
4 529 760 846 2368 
4 5503 5548 6389 7130 
4 7215 7238 10 145 
4 3050 3769 4604 5250 
4 6715 7363 8516 9014 
4 9350 297 451 688 
4 738 844 1234 1430 
4 1570 1765 2106 3516 
4 3746 3969 4663 4731 
4 5151 5446 5563 6856 
4 7740 8363 8931 9092 
4 208 525 923 1122 
4 1601 2716 3134 5271 
4 5649 6583 6752 8714 
4 9168 556 912 1197 
4 1487 1827 2165 2766 
4 5118 5325 5579 6205 
4 6266 6364 6526 6540 
4 7218 7624 7778 9597 
4 9741 9895 139 164 
4 926 1963 2407 3104 
4 3540 4093 6133 7149 
4 8239 9121 9161 117 
4 2007 2221 2295 2649 
4 3258 4491 4990 6396 
4 7518 7558 8081 8673 
4 8833 9182 9214 9450 
4 1589 1648 2484 4230 
4 5007 5013 5017 5948 
4 8059 8161 211 2804 
4 3674 4627 5574 5627 
4 5899 6052 6451 7499 
4 7839 8044 8650 8824 
4 9246 9390 9594 480 
4 628 2309 2879 3691 
4 4126 5056 5875 6149 
4 7152 7346 7692 8198 
4 8293 87 642 1010 
4 2127 2555 2848 6680 
4 7204 7983 8617 9135 
4 1015 1825 2590 2836 
4 3029 3276 3932 6102 
4 6623 6721 7318 8247 
4 9490 9719 656 2125 
4 2811 3608 3828 5879 
4 6157 6215 6645 7151 
4 7278 7752 8305 8609 
4 8653 9588 178 289 
4 597 900 1735 1847 
4 1866 1876 2872 3973 
4 4555 6036 6731 7954 
4 8606 9414 9471 9580 
4 9776 28 206 1620 
4 1943 2516 3239 3480 
4 3677 3692 4650 4859 
4 5487 5513 6193 6256 
4 9286 931 1159 1464 
4 1856 2538 4671 5824 
4 7375 8652 9852 590 
4 1056 1311 1393 2226 
4 4170 5815 6350 6685 
4 6703 8134 8578 9382 
4 9499 1632 1819 2697 
4 3527 3808 3891 4522 
4 4573 6531 9276 834 
4 1129 1205 2999 3092 
4 3132 4496 4792 5058 
4 5061 5559 5981 6111 
4 6152 7764 7888 8258 
4 8434 124 151 307 
4 1260 1877 1994 2732 
4 4054 6206 6443 6741 
4 6984 8468 8537 53 
4 1718 1874 3895 4933 
4 5094 6053 7105 7475 
4 7875 8342 8684 9238 
4 9407 9637 142 236 
4 290 589 1562 1642 
4 1888 2190 2705 3573 
4 4725 4997 6228 7542 
4 7734 8967 9241 9799 
4 2091 2428 3980 4055 
4 4611 4814 4857 6306 
4 7413 7512 7777 9165 
4 9675 9748 1704 1884 
4 4442 4661 4865 5371 
4 5418 7610 7884 9326 
4 9714 9730 253 2490 
4 3297 4091 4592 4636 
4 4692 4774 5710 6628 
4 6651 6676 6932 7219 
4 7361 7993 8032 8035 
4 8907 9530 9602 9761 
4 9864 540 1445 2020 
4 2241 2765 4703 4875 
4 4989 5644 6155 6849 
4 7286 7406 7659 9376 
4 362 648 735 1282 
4 1837 2854 3558 3912 
4 3924 4066 4363 4381 
4 4716 5044 5235 5517 
4 5794 6557 1440 2254 
4 2565 2887 3654 3802 
4 3839 3945 4187 4506 
4 4926 5035 6326 6827 
4 7090 7526 7662 7841 
4 8123 8176 9523 9896 
4 9976 898 1023 1595 
4 2400 2461 3531 3553 
4 4656 4771 4904 5020 
4 5671 6365 6733 7003 
4 7074 7594 8423 9016 
4 534 1598 2806 3498 
4 3567 4064 4089 4410 
4 5916 6366 6380 6794 
4 6976 7382 7733 8241 
4 9650 9922 358 1339 
4 1406 1467 2006 2081 
4 2457 3422 4559 4773 
4 5389 5474 5530 6289 
4 6673 7037 8333 1332 
4 1533 1723 2320 4412 
4 5205 5355 6436 7356 
4 7374 7432 7683 8597 
4 9220 9368 9453 147 
4 210 404 960 1471 
4 2375 2783 3760 3906 
4 4879 5336 5898 6076 
4 6800 6988 7914 8432 
4 8861 9456 9848 9988 
4 33 489 622 689 
4 1422 1584 2907 4495 
4 6361 6857 8019 146 
4 909 1609 3323 3718 
4 4375 4478 4720 5178 
4 5457 5489 6490 6514 
4 6778 7821 8376 8715 
4 8889 8938 9468 9879 
4 2381 2389 2462 3145 
4 3704 4011 4639 4766 
4 5086 5551 5633 6528 
4 7419 7426 7534 7768 
4 7785 7818 7943 8153 
4 8648 9043 737 1021 
4 2398 2401 2874 3244 
4 3582 3617 4452 5856 
4 5869 6784 7230 7249 
4 7310 7530 8043 8150 
4 8894 8898 9192 9361 
4 9561 9684 9726 396 
4 1529 2260 3595 3882 
4 3914 6016 6340 7175 
4 7592 8823 8845 9072 
4 9703 150 1512 1922 
4 1930 2129 3153 3299 
4 3352 3559 3983 4026 
4 4057 4953 5467 5776 
4 5901 6208 6585 6870 
4 7917 8299 8954 9631 
4 39 198 635 835 
4 1952 3371 3966 5085 
4 5255 5380 5461 5865 
4 5920 6202 7013 7990 
4 8325 8425 8679 9122 
4 9143 9222 9971 1090 
4 1886 2191 3749 3985 
4 4202 4467 4823 4907 
4 5522 5832 6466 6834 
4 7116 7454 7770 8712 
4 8746 9429 32 359 
4 512 804 947 3075 
4 3188 3339 5531 5556 
4 5724 6649 7010 7596 
4 7956 7966 8238 8682 
4 9062 9221 9549 9667 
4 9802 711 1507 1822 
4 2134 3129 3136 3564 
4 4124 4704 5615 6724 
4 7480 7689 9091 9183 
4 9606 9734 9828 45 
4 149 678 1347 1761 
4 2277 2924 3011 3428 
4 3811 4016 4640 4887 
4 5896 5908 6184 6421 
4 6700 7220 7221 7809 
4 8519 9868 170 300 
4 1100 1256 2148 2167 
4 2343 2707 3322 4208 
4 5756 6243 6574 6705 
4 6873 7186 7731 7876 
4 7970 8276 9173 0 
4 313 849 1382 2024 
4 3641 3694 3991 4465 
4 4514 5047 5451 5566 
4 5584 6160 6264 6446 
4 6811 7964 8196 8263 
4 8632 9096 471 611 
4 2198 2278 2467 3020 
4 3121 3724 5164 5939 
4 6203 6248 6637 8264 
4 8562 9459 9573 1047 
4 1908 2495 2672 4335 
4 4708 4949 5166 5277 
4 5954 6553 6659 6681 
3 6903 7984 8027 
3 8517 8752 8908 
3 9752 9978 1044 
3 1157 1174 1199 
3 2983 4659 5657 
3 6015 6522 6596 
3 6726 6942 7386 
3 7424 7975 8133 
3 9299 9583 9891 
3 9987 9996 1179 
3 1181 1569 2367 
3 2875 3681 3818 
3 4215 4340 4992 
3 5040 5240 5860 
3 5947 6648 7425 
3 8711 8801 9068 
3 9210 9328 433 
3 541 708 1106 
3 1411 1593 2337 
3 3127 3203 3226 
3 3412 4511 5362 
3 5449 5721 6017 
3 6112 7384 7727 
3 9038 9633 562 
3 2062 3517 4790 
3 5173 5763 5836 
3 6022 6719 7509 
3 7521 8143 8222 
3 9836 514 825 
3 1381 1616 1668 
3 1840 2506 2702 
3 3031 3563 3894 
3 4286 4419 4456 
3 5536 5813 6246 
3 6478 7500 8160 
3 8210 9721 204 
3 355 2025 2296 
3 2601 4052 4206 
3 5157 5496 6351 
3 7555 8202 8413 
3 8667 8696 8828 
3 8863 8864 9486 
3 608 889 968 
3 1400 1751 1768 
3 2120 3105 4359 
3 4958 5730 6492 
3 6713 7877 8139 
3 8336 8810 70 
3 465 1012 1409 
3 1535 2159 2329 
3 2437 2954 3330 
3 3596 4092 4188 
3 4742 5198 5872 
3 6051 6275 6280 
3 6864 7751 8006 
3 8031 8876 8977 
3 9920 9935 9995 
3 234 240 530 
3 919 955 1321 
3 1843 2033 2578 
3 3004 3235 3657 
3 3809 3972 4228 
3 4801 4858 4943 
3 5368 6263 6960 
3 7633 8919 9198 
3 9269 9418 131 
3 270 430 431 
3 456 1062 1640 
3 2746 3311 3926 
3 4000 5082 5606 
3 5751 6576 7397 
3 7614 7729 7924 
3 8089 8215 8454 
3 9028 9187 9519 
3 9600 9716 9768 
3 97 372 500 
3 620 978 1330 
3 1750 1939 2193 
3 2604 2661 2762 
3 2786 2949 3939 
3 4046 5208 6008 
3 6097 6698 6964 
3 7995 8137 9201 
3 9332 9446 9699 
3 9767 136 439 
3 673 1036 1259 
3 1744 1980 2072 
3 2632 2977 3956 
3 4301 4534 4796 
3 5191 5986 6003 
3 6161 6761 6890 
3 7170 7663 8401 
3 8447 9086 9431 
3 9538 9584 9656 
3 885 1475 1519 
3 1796 2102 2514 
3 2694 2713 2772 
3 3212 3590 4221 
3 4798 4942 5245 
3 5482 6565 6824 
3 6835 6844 7407 
3 7457 7991 8180 
3 8822 9398 9944 
3 24 183 956 
3 1318 1649 1961 
3 2074 2399 2595 
3 3280 3370 4104 
3 6137 6352 8252 
3 8326 8383 8435 
3 8568 9413 37 
3 86 1279 1694 
3 2207 3060 3344 
3 3793 4238 4387 
3 4502 4635 4777 
3 5666 5732 5752 
3 6121 6197 6450 
3 6463 6809 6887 
3 7674 7800 7881 
3 7895 8037 8859 
3 9075 9083 9855 
3 457 1546 1983 
3 2297 2881 2891 
3 2953 3822 4783 
3 4839 5994 6302 
3 7461 7471 7554 
3 7586 9036 458 
3 487 602 756 
3 1538 1755 3364 
3 3543 4248 4358 
3 4400 4595 5168 
3 5897 6959 6963 
3 6972 7320 7357 
3 7362 7410 7724 
3 7812 8314 8815 
3 8900 9009 335 
3 2144 2149 2210 
3 2596 2608 2903 
3 3052 3141 3951 
3 4116 4399 4434 
3 4596 5024 6311 
3 6471 6915 7094 
3 7206 7387 8093 
3 8353 8766 8930 
3 9035 9047 9094 
3 9137 221 392 
3 462 801 1371 
3 1536 2028 2610 
3 2741 2785 2956 
3 3021 3347 3875 
3 4339 4504 6332 
3 6353 6506 8486 
3 9114 9215 9564 
3 9578 9838 40 
3 1161 1678 1688 
3 2837 2859 2892 
3 3651 3789 4069 
3 4994 5066 5628 
3 6127 6448 6818 
3 6925 7078 7602 
3 7850 7889 9659 
3 31 168 725 
3 802 1453 2059 
3 2412 2469 3887 
3 4736 4877 4982 
3 5181 5233 6148 
3 6175 6232 8663 
3 9709 9820 502 
3 739 840 842 
3 1009 1426 1778 
3 2307 2683 2685 
3 4097 4291 4688 
3 5106 5125 6229 
3 6328 6944 7557 
3 7632 7694 7859 
3 7959 8028 8438 
3 8543 8737 9394 
3 9651 9993 78 
3 152 325 343 
3 393 402 511 
3 615 639 644 
3 1220 1959 2101 
3 2169 3012 3318 
3 3841 4488 4549 
3 5128 5817 6699 
3 6725 7960 8022 
3 8426 8576 9015 
3 9223 9540 9595 
3 9678 229 613 
3 1043 1869 2950 
3 4567 4689 4787 
3 5558 5631 5719 
3 5959 6473 7395 
3 7742 8804 9489 
3 34 68 793 
3 848 2388 4031 
3 4099 5190 5422 
3 5676 5882 6034 
3 7423 7803 7971 
3 8256 8643 8950 
3 9227 726 953 
3 1080 1165 1377 
3 1807 1979 2242 
3 2472 3123 3555 
3 3679 3743 3903 
3 4826 4855 4880 
3 6315 6746 6952 
3 7314 7532 7631 
3 7697 7994 8097 
3 8903 9957 13 
3 20 252 305 
3 413 467 579 
3 640 1167 1270 
3 1892 3515 3698 
3 4723 4969 5443 
3 5731 5850 5881 
3 6005 6225 6452 
3 7132 7430 7581 
3 9887 9892 76 
3 153 477 860 
3 1502 1590 2002 
3 2137 2164 2215 
3 2304 2669 3396 
3 3509 4047 4298 
3 4811 5212 5951 
3 6357 6922 7176 
3 7666 8398 8571 
3 8629 9274 9475 
3 57 346 740 
3 2929 3621 3665 
3 4078 4173 4267 
3 4451 4750 5863 
3 5950 6046 6095 
3 6189 6291 6479 
3 6563 6674 7496 
3 7826 9280 193 
3 293 395 414 
3 649 1369 1549 
3 1586 1953 2019 
3 2232 2358 2432 
3 2527 2629 2898 
3 3233 3246 3581 
3 4155 4245 4246 
3 4279 4554 4679 
3 4922 5146 5161 
3 5829 7036 7713 
3 7906 7951 8212 
3 9337 9524 83 
3 937 949 1276 
3 1416 2799 3146 
3 3449 3761 3902 
3 4249 4662 5026 
3 5346 6104 6210 
3 6544 6740 7024 
3 7252 7565 7804 
3 8206 8456 8821 
3 8986 9065 9830 
3 554 568 868 
3 1084 1194 1286 
3 1504 1650 2531 
3 2533 2634 2751 
3 2824 3161 3261 
3 3482 3504 3838 
3 4030 4311 4314 
3 4747 5895 6244 
3 7194 9157 9234 
3 9313 9526 16 
3 23 444 1516 
3 1793 2529 2668 
3 3263 3431 3748 
3 3773 3806 4537 
3 4653 4856 5200 
3 5387 5714 6270 
3 6630 7197 7236 
3 7653 7743 7813 
3 8229 8498 8675 
3 9105 9294 9543 
3 982 1031 1032 
3 1118 1250 1514 
3 1527 1532 2047 
3 2303 3174 3332 
3 3911 3930 4176 
3 4328 4398 4501 
3 4767 5401 5672 
3 6258 6294 6664 
3 7018 7490 7963 
3 8277 8440 8965 
3 9333 9458 9488 
3 9496 9635 9692 
3 9810 675 1201 
3 1296 1452 1891 
3 1986 2442 3316 
3 4001 4578 4623 
3 4841 4892 4914 
3 5237 6245 6612 
3 6828 6920 7150 
3 7559 8201 8355 
3 8642 8952 9551 
3 9680 9958 499 
3 1027 1606 1618 
3 2143 2264 2422 
3 2671 2712 3125 
3 3513 3824 3880 
3 4713 4935 5059 
3 5175 5199 5373 
3 5834 5980 6430 
3 6494 6510 6569 
3 6693 6744 6822 
3 6852 6962 8179 
3 8289 8654 8727 
3 8729 9085 9251 
3 9260 9711 225 
3 365 459 858 
3 3099 3407 3747 
3 4144 4164 4447 
3 4605 4775 4898 
3 5043 5641 5769 
3 6093 7622 7761 
3 8067 8177 8918 
3 9002 9022 9149 
3 9858 30 115 
3 2328 3147 3570 
3 4095 4407 5097 
3 5400 6604 7237 
3 7418 7828 7957 
3 8235 8593 8808 
3 8897 8981 9272 
3 9655 123 185 
3 1058 1806 1898 
3 1951 2335 2402 
3 3274 3547 4562 
3 6118 6130 6600 
3 6846 7600 7849 
3 8382 8567 9181 
3 9611 9624 9985 
3 94 576 1110 
3 1132 1669 1865 
3 1978 2235 2570 
3 2946 3355 4156 
3 4482 4558 5098 
3 5471 5831 6002 
3 6126 6323 6398 
3 6590 6727 6766 
3 6851 7048 7190 
3 7721 8108 8472 
3 8756 8978 9073 
3 1639 2046 2205 
3 2220 2240 2466 
3 4197 4325 4546 
3 4694 4840 5077 
3 5442 6078 6090 
3 6472 6669 6899 
3 6993 7085 7127 
3 7247 7273 7315 
3 7616 7665 7868 
3 7899 8340 8388 
3 8393 8753 8806 
3 9771 9927 473 
3 896 1288 1754 
3 1835 2333 2582 
3 2591 3078 3587 
3 3615 3883 4489 
3 4804 5019 5041 
3 5505 5812 5944 
3 6223 6304 6524 
3 6711 7329 7634 
3 7693 7805 8129 
3 8372 8572 8734 
3 9338 9613 9745 
3 9859 160 516 
3 899 1266 1271 
3 1774 1848 2105 
3 2216 2294 2911 
3 3506 4564 5323 
3 6774 7460 8640 
3 22 101 143 
3 419 1137 1192 
3 1212 1313 1849 
3 2234 2549 2730 
3 3265 3324 3664 
3 3878 3884 4172 
3 5140 5189 5460 
3 5613 5621 5702 
3 5800 6356 6560 
3 6671 6697 6739 
3 6990 7275 7815 
3 8573 9003 9013 
3 9603 9877 9948 
3 1086 1653 2136 
3 2199 2237 2754 
3 3038 3281 3439 
3 3933 4308 4312 
3 4746 5276 6803 
3 7121 7123 7491 
3 8021 8994 8996 
3 9134 417 558 
3 753 906 1699 
3 2390 2453 2781 
3 2793 3097 3402 
3 3578 3849 4217 
3 4255 5134 5171 
3 5268 5397 6063 
3 6064 6581 7686 
3 7931 8773 9029 
3 9261 9679 9744 
3 381 550 796 
3 1127 1170 1461 
3 1480 1488 1656 
3 2016 2268 2289 
3 2417 2852 3782 
3 3873 4136 4196 
3 4394 4599 4818 
3 4918 5234 5426 
3 5523 5598 5903 
3 6023 6035 6414 
3 6595 6636 6831 
3 7510 8084 8411 
3 8716 9008 9194 
3 9230 9844 159 
3 219 472 828 
3 1093 1172 1624 
3 1783 2406 2444 
3 2621 2775 2951 
3 3131 3381 3491 
3 3817 3888 4613 
3 4630 4678 5246 
3 5253 6096 6132 
3 6261 6520 7117 
3 7233 7400 7786 
3 8049 8166 8316 
3 8464 8759 8789 
3 8793 9759 9901 
3 133 217 279 
3 845 893 1404 
3 1627 1665 1814 
3 1867 1985 2068 
3 2334 2731 3262 
3 3300 3334 3442 
3 3783 3965 4094 
3 4910 5736 5770 
3 6227 6373 6432 
3 6517 6529 6953 
3 7309 7684 7788 
3 7903 8539 8618 
3 8633 8987 218 
3 610 1208 1221 
3 1781 1801 1836 
3 2065 2281 2554 
3 2711 2750 2987 
3 3312 3401 3584 
3 3721 3744 4088 
3 4193 4479 4487 
3 4932 5313 5391 
3 5398 5577 5586 
3 5917 5966 5972 
3 6180 7501 7925 
3 7969 8165 9502 
3 9534 9535 9575 
3 401 651 669 
3 990 1184 1646 
3 1899 1904 2722 
3 3445 3539 3862 
3 3927 4894 5064 
3 5104 5132 5370 
3 6417 6586 6812 
3 7110 7371 7388 
3 7675 7898 7980 
3 8665 9200 9660 
3 89 545 934 
3 1292 1638 1716 
3 2184 2326 2376 
3 2464 2947 3076 
3 3085 3124 3216 
3 3411 3929 3947 
3 4428 4529 4538 
3 4544 4981 5481 
3 5594 5599 7065 
3 7289 7502 7672 
3 7695 8638 8694 
3 9754 9770 9846 
3 9882 9941 144 
3 163 249 292 
3 757 771 827 
3 977 1130 1299 
3 1683 1928 1935 
3 2087 2173 2560 
3 3017 3424 3521 
3 3807 4628 4669 
3 5345 5511 6259 
3 6405 6770 7043 
3 7664 7902 7907 
3 8015 8268 8525 
3 8584 8842 8934 
3 9156 9209 9356 
3 207 304 894 
3 930 1120 1138 
3 1469 1870 2022 
3 2050 2057 2463 
3 2480 2567 2835 
3 2990 3115 3580 
3 4163 4833 5122 
3 6068 6307 6409 
3 6497 6805 6958 
3 6973 7096 7177 
3 7608 7744 8732 
3 9089 9140 9670 
3 157 199 241 
3 288 316 618 
3 691 1209 1331 
3 2011 3313 3610 
3 3941 4149 4553 
3 4646 4842 4882 
3 5429 5804 6331 
3 7014 7134 7223 
3 7274 7553 7962 
3 8273 8709 8776 
3 8853 9785 9860 
3 287 356 643 
3 728 865 2179 
3 2227 2564 3178 
3 3186 3353 3541 
3 3893 4337 4392 
3 4948 5192 5514 
3 5725 6301 6425 
3 6541 6897 7163 
3 7216 7544 7640 
3 7642 7878 8068 
3 8298 8409 8502 
3 8886 9152 9179 
3 9225 9491 108 
3 616 819 862 
3 1227 1277 1574 
3 1652 1841 1958 
3 1971 2288 2418 
3 2805 3006 3753 
3 4226 4355 4468 
3 4714 4789 5060 
3 5182 5206 5254 
3 5329 5550 5578 
3 5663 5718 6213 
2 6387 6513 
2 6904 7019 
2 7229 7298 
2 7546 7795 
2 8534 8645 
2 8870 9100 
2 9367 9406 
2 9647 9710 
2 9863 186 
2 425 733 
2 784 867 
2 1495 1809 
2 2163 2239 
2 2563 2841 
2 3425 3438 
2 3536 3798 
2 4143 4508 
2 4598 4634 
2 5424 5534 
2 5612 5658 
2 5741 5825 
2 5848 5952 
2 6087 6629 
2 6796 6814 
2 7087 7948 
2 8141 8310 
2 8740 8941 
2 9172 9232 
2 9329 9553 
2 9617 9870 
2 9885 226 
2 347 348 
2 378 769 
2 800 1376 
2 1479 1563 
2 1615 1661 
2 1700 2201 
2 2318 2344 
2 2435 2577 
2 2689 3208 
2 3209 3712 
2 3812 4693 
2 4791 5510 
2 5573 5611 
2 5771 5958 
2 6484 6620 
2 7091 7349 
2 7556 8564 
2 9158 9423 
2 9570 9582 
2 9590 128 
2 189 383 
2 719 789 
2 1099 1403 
2 1685 2152 
2 3917 4290 
2 4403 4518 
2 4726 4906 
2 4986 6125 
2 6253 6748 
2 7333 7365 
2 7434 7441 
2 7799 8103 
2 8309 8321 
2 8771 9314 
2 9346 9555 
2 9862 9876 
2 349 415 
2 441 633 
2 958 1131 
2 1196 1235 
2 1494 1788 
2 1909 1949 
2 2012 2451 
2 2470 2586 
2 3213 4211 
2 4709 4939 
2 5183 5294 
2 5316 5409 
2 6692 6701 
2 6917 7060 
2 7140 7459 
2 7541 7580 
2 7758 7835 
2 7946 8064 
2 8086 8347 
2 8493 9205 
2 9819 9954 
2 203 291 
2 361 703 
2 831 863 
2 1119 1180 
2 1188 1230 
2 1284 1679 
2 1799 1868 
2 1993 2356 
2 2382 2550 
2 2878 3327 
2 3784 3859 
2 3860 3949 
2 4996 5148 
2 5343 5379 
2 6279 6456 
2 6457 8080 
2 8282 8379 
2 8686 8960 
2 9323 9737 
2 4 280 
2 388 405 
2 509 693 
2 782 935 
2 1105 1323 
2 1335 1611 
2 1732 1818 
2 2035 2384 
2 2483 2498 
2 3247 3821 
2 4621 5410 
2 5694 5779 
2 6843 7479 
2 7507 7669 
2 7807 7965 
2 8406 8412 
2 8726 8875 
2 9372 9999 
2 200 227 
2 258 268 
2 922 1046 
2 1074 1111 
2 1133 1135 
2 2324 2378 
2 2579 2789 
2 3394 3787 
2 4254 4330 
2 4344 4632 
2 4633 4664 
2 4675 4734 
2 4950 5051 
2 5699 5833 
2 6085 6233 
2 6407 7251 
2 7307 7753 
2 8410 8784 
2 8955 8970 
2 8985 9102 
2 9663 9807 
2 318 376 
2 662 811 
2 983 1029 
2 1553 1987 
2 2086 2311 
2 2373 2386 
2 2405 2541 
2 2942 3292 
2 3386 3389 
2 3639 3922 
2 4107 4461 
2 4979 5356 
2 5844 5977 
2 6500 6635 
2 6983 7667 
2 7791 8461 
2 8523 8791 
2 9604 9636 
2 9701 9724 
2 9742 173 
2 342 491 
2 741 794 
2 2030 2410 
2 2508 2676 
2 2715 3199 
2 3385 3827 
2 4371 4425 
2 5005 5177 
2 5327 6158 
2 6371 6434 
2 7092 7322 
2 7399 8164 
2 8374 8491 
2 8602 8731 
2 9148 9162 
2 9186 9533 
2 9557 9632 
2 9644 9717 
2 409 621 
2 872 1534 
2 1918 1992 
2 2825 2883 
2 3008 3756 
2 3819 3866 
2 4220 4273 
2 4369 4810 
2 5187 5266 
2 5413 5885 
2 6242 6254 
2 6420 6647 
2 7340 7627 
2 7706 7820 
2 7992 8136 
2 8725 8872 
2 9342 9773 
2 69 148 
2 195 821 
2 917 984 
2 1045 1063 
2 1206 1329 
2 1415 1439 
2 1554 1705 
2 1897 1969 
2 2747 2934 
2 3225 3267 
2 3794 3799 
2 3935 4323 
2 4435 4651 
2 4978 5073 
2 5210 5399 
2 5643 5957 
2 6678 7069 
2 7228 7636 
2 7712 7832 
2 8857 9282 
2 9609 9977 
2 312 435 
2 437 483 
2 508 605 
2 652 901 
2 1610 1731 
2 2166 2172 
2 2427 2503 
2 2803 2873 
2 2884 3058 
2 3144 3227 
2 3466 3474 
2 3620 4032 
2 4103 4214 
2 4237 4260 
2 4356 4535 
2 4807 5045 
2 5167 5265 
2 5361 5470 
2 5840 5853 
2 5883 5979 
2 6174 6234 
2 6480 6499 
2 7033 7093 
2 7165 7243 
2 7264 7276 
2 7393 7408 
2 7547 7736 
2 7938 8613 
2 8728 8758 
2 8879 9159 
2 9327 9362 
2 9963 179 
2 194 987 
2 1305 1654 
2 2330 2425 
2 2500 2996 
2 3636 4224 
2 4372 4758 
2 4822 4860 
2 5340 5350 
2 5508 5745 
2 6077 6654 
2 6675 6841 
2 6901 7097 
2 7172 7416 
2 7588 7793 
2 7915 8142 
2 8395 8507 
2 8535 8570 
2 8770 8778 
2 8780 9011 
2 9070 9775 
2 9787 9822 
2 111 118 
2 184 192 
2 209 303 
2 596 1142 
2 2170 2206 
2 2556 2769 
2 3082 3476 
2 3530 3879 
2 3984 4577 
2 4732 4890 
2 4891 4972 
2 6187 6853 
2 7059 7427 
2 7639 7789 
2 8117 8144 
2 8311 8786 
2 8877 9380 
2 9415 9749 
2 478 482 
2 729 1614 
2 1728 1831 
2 2520 3044 
2 3189 3777 
2 4175 4285 
2 4376 5067 
2 5107 5279 
2 5557 6128 
2 6141 7086 
2 7098 7561 
2 7578 7856 
2 7883 7942 
2 8038 8114 
2 8224 8361 
2 8405 8417 
2 8961 8975 
2 9218 9264 
2 9421 9571 
2 9931 121 
2 230 274 
2 908 1485 
2 1517 1695 
2 1972 2485 
2 2512 2771 
2 2808 2812 
2 2974 3493 
2 3716 3717 
2 3727 4523 
2 4724 4952 
2 5696 5747 
2 5906 5983 
2 5993 6156 
2 6308 6411 
2 6614 6902 
2 7075 7590 
2 7741 8061 
2 8135 8244 
2 8272 9436 
2 9556 156 
2 781 1350 
2 1496 1625 
2 2039 2098 
2 3685 4232 
2 4470 4699 
2 4899 5483 
2 5504 6177 
2 6559 6682 
2 6720 6833 
2 6937 7045 
2 7077 7187 
2 7483 7606 
2 7847 8002 
2 8009 8075 
2 8462 8530 
2 9031 9793 
2 61 256 
2 311 424 
2 507 574 
2 833 1177 
2 1226 1283 
2 1749 1937 
2 2110 2271 
2 2272 2532 
2 2602 2827 
2 3635 4063 
2 4098 4333 
2 4845 5213 
2 5304 5533 
2 5617 5727 
2 5870 6265 
2 6428 6429 
2 6545 6607 
2 7017 7730 
2 7864 8011 
2 8045 8110 
2 8220 8500 
2 8542 8561 
2 8698 8797 
2 8880 9126 
2 9736 81 
2 428 682 
2 795 866 
2 1006 1171 
2 1326 1501 
2 1513 1634 
2 1696 1753 
2 1804 1917 
2 1984 2231 
2 2298 2447 
2 2657 3023 
2 3053 3059 
2 3108 3307 
2 3690 4297 
2 4427 4440 
2 4588 4876 
2 4913 4966 
2 4980 5023 
2 5158 5260 
2 5262 5377 
2 5382 5783 
2 5938 6026 
2 6971 7068 
2 7248 7337 
2 7404 7533 
2 7550 8159 
2 8494 8556 
2 8635 8868 
2 9301 9357 
2 9457 9498 
2 9686 406 
2 538 803 
2 903 959 
2 1166 1622 
2 1703 1789 
2 2252 3268 
2 3469 3993 
2 4262 4305 
2 5008 5480 
2 5754 5907 
2 6075 6293 
2 6539 6551 
2 6998 7022 
2 7030 7138 
2 7139 7292 
2 7367 7682 
2 7711 7830 
2 7833 7929 
2 8190 8441 
2 8473 8850 
2 8924 9007 
2 9296 9521 
2 9910 9932 
2 182 1275 
2 1307 1762 
2 1932 2310 
2 2357 2393 
2 2583 2673 
2 2900 3205 
2 3266 3361 
2 3534 3846 
2 4591 4770 
2 5472 5585 
2 5632 5910 
2 6021 6098 
2 6237 6257 
2 6412 6617 
2 7067 7453 
2 7514 7584 
2 8555 8592 
2 8968 9823 
2 603 658 
2 668 1149 
2 1191 1824 
2 2138 2645 
2 3154 3286 
2 3416 3705 
2 3854 3963 
2 4019 4048 
2 4060 4283 
2 4453 4793 
2 4830 4843 
2 4851 4893 
2 4923 5010 
2 5281 5693 
2 5900 5926 
2 6393 6519 
2 6533 6799 
2 6848 6859 
2 7102 7129 
2 7281 7523 
2 7688 9042 
2 9044 9548 
2 9577 9698 
2 25 224 
2 275 341 
2 452 698 
2 921 1190 
2 1612 1770 
2 1878 2026 
2 2385 2546 
2 2664 2899 
2 2928 2961 
2 3169 3382 
2 3591 3611 
2 3803 3810 
2 3994 4236 
2 4571 4911 
2 5100 5430 
2 5640 6040 
2 6222 6454 
2 6643 6961 
2 7000 7071 
2 7574 7658 
2 7985 8001 
2 8085 8541 
2 9189 9297 
2 9311 9411 
2 9861 9914 
2 27 54 
2 238 319 
2 468 526 
2 582 659 
2 746 886 
2 972 1302 
2 1775 2153 
2 2280 2656 
2 2662 2709 
2 3454 3523 
2 3619 3696 
2 3719 3990 
