172
2 28 496 
2 35 493 
2 93 491 
2 97 489 
2 190 488 
2 196 487 
2 197 485 
2 252 483 
2 286 481 
2 333 480 
2 369 479 
2 420 478 
2 423 477 
2 441 476 
2 12 471 
2 33 470 
2 47 469 
2 165 466 
2 300 465 
2 326 464 
2 482 458 
2 1 457 
2 14 456 
2 21 440 
2 256 436 
2 279 435 
2 299 428 
2 306 426 
2 315 418 
2 322 417 
2 330 416 
2 421 415 
2 454 413 
2 7 408 
2 17 406 
2 86 404 
2 154 402 
2 189 398 
2 212 393 
2 334 389 
2 352 386 
2 358 383 
2 414 382 
2 492 381 
2 11 380 
2 64 374 
2 72 370 
2 73 368 
2 120 366 
2 141 357 
2 156 355 
2 158 354 
2 170 349 
2 182 346 
2 213 344 
2 266 343 
2 301 342 
2 319 340 
2 337 338 
2 410 335 
2 443 331 
2 462 327 
2 484 323 
2 495 321 
2 0 318 
3 38 317 316 
3 48 314 313 
3 52 312 309 
3 108 308 305 
3 111 303 297 
3 113 296 293 
3 155 291 290 
3 166 287 281 
3 210 275 272 
3 221 270 265 
3 234 262 260 
3 261 257 255 
3 264 253 250 
3 298 248 246 
3 310 243 241 
3 329 239 238 
3 350 232 229 
3 371 228 227 
3 376 224 223 
3 434 222 220 
3 448 216 215 
3 451 211 209 
3 452 206 205 
3 463 202 194 
3 475 191 184 
3 486 183 179 
3 5 15 178 
3 19 20 176 
3 34 60 61 
3 147 175 173 
3 181 187 171 
3 193 199 169 
3 208 219 168 
3 231 236 167 
3 240 249 161 
3 258 271 157 
3 273 277 150 
3 288 292 146 
3 311 320 145 
3 324 356 143 
3 360 367 142 
3 385 387 140 
3 396 405 137 
3 409 419 135 
3 430 433 134 
3 439 445 133 
3 455 473 131 
3 498 499 130 
3 3 6 127 
3 8 10 126 
3 13 18 125 
3 23 24 122 
3 31 55 118 
3 65 71 110 
3 89 90 103 
3 91 99 102 
3 105 117 98 
3 121 123 139 
3 149 159 96 
3 162 163 94 
4 177 180 188 88 
4 192 201 87 85 
4 203 214 84 83 
4 218 225 82 77 
4 230 235 75 74 
4 242 263 68 67 
4 268 276 63 62 
4 278 283 58 57 
4 294 302 53 51 
4 328 336 345 49 
4 348 351 43 42 
4 353 362 39 37 
4 364 375 30 9 
4 384 388 4 2 
4 391 392 494 490 
4 394 397 468 461 
4 399 400 460 453 
4 403 407 450 446 
4 412 422 432 425 
4 424 427 411 401 
4 429 431 437 395 
4 438 442 444 447 
4 449 459 390 379 
4 467 472 378 377 
4 474 497 373 372 
4 16 22 25 365 
4 26 27 29 363 
4 32 36 40 361 
4 41 44 45 359 
4 46 50 54 347 
4 56 59 66 69 
4 70 76 78 341 
4 79 80 81 339 
4 92 95 100 332 
4 101 104 106 325 
4 107 109 112 114 
4 115 116 119 307 
4 124 128 129 304 
4 132 136 138 295 
4 144 148 151 289 
4 152 153 160 285 
4 164 172 174 284 
4 185 186 195 198 
4 200 204 207 217 
4 226 233 237 282 
4 244 245 247 280 
4 251 254 259 274 
